image_width: 640
image_height: 480
camera_name: Prophesee_Gen3_CD_left
camera_matrix:
  rows: 3
  cols: 3
  data: [327.32749, 0.0, 304.97749, 0.0, 327.46184, 235.37621, 0.0, 0.0, 1.0]
distortion_model: plumb_bob
distortion_coefficients:
  rows: 1
  cols: 4
  data: [-0.031982, 0.041966, -0.000507, -0.001031]
rectification_matrix:
  rows: 3
  cols: 3
  data: [0.9998488344168333, 0.0113709194825726, -0.013153345788078,
        -0.01138064585717641, 0.9999350173296736, -0.0006648441764498612,
        0.0131449311589461, 0.0008144372451433324, 0.9999132699773517]
projection_matrix:
  rows: 3
  cols: 4
  data: [311.8352253080408, 0, 325.2866134643555, 0,
        0, 311.8352253080408, 233.8887538909912, 0,
        0, 0, 1, 0]
T_right_left:
  rows: 3
  cols: 4
  data: [0.99968,    0.0200383,  0.0154395,  -0.170177,
         -0.0200188, 0.999799,   -0.0014144, 0.00146904,
         -0.0154648, 0.00110486, 0.99988,    0.00486952]
