image_width: 640
image_height: 480
camera_name: Prophesee_Gen3_CD_right
camera_matrix:
  rows: 3
  cols: 3
  data: [327.48497, 0.0, 318.53477, 0.0, 327.55395, 230.96356, 0.0, 0.0, 1.0]
distortion_model: plumb_bob
distortion_coefficients:
  rows: 1
  cols: 4
  data: [-0.026300, 0.037995, -0.000513, 0.000167]
rectification_matrix:
  rows: 3
  cols: 3
  data: [0.9995536475688185, -0.008628547418543875, -0.02860163983614007,
        0.008649703155497431, 0.9999624008669471, 0.0006160257567218502,
        0.02859524903182542, -0.0008631464864707081, 0.9995906995920635]
projection_matrix:
  rows: 3
  cols: 4
  data: [311.8352253080408, 0, 325.2866134643555, -53.09091087083574,
        0, 311.8352253080408, 233.8887538909912, 0,
        0, 0, 1, 0]
T_right_left:
  rows: 3
  cols: 4
  data: [0.99968,    0.0200383,  0.0154395,  -0.170177,
         -0.0200188, 0.999799,   -0.0014144, 0.00146904,
         -0.0154648, 0.00110486, 0.99988,    0.00486952]
